# HOLA formative study: 17 participants x 8 abstract graphs, drawn by hand
# in the study's orthogonal layout editor. Kieffer, Dwyer, Marriott, Wybrow,
# "HOLA: Human-like Orthogonal Network Layout", TVCG 2016.
# Source: https://data.graphlayout.net/HOLA/formative (SVGs under
# https://data.graphlayout.net/HOLA/formative/layouts/<participant>-<task>.svg),
# fetched 2026-08-25. Node position = the node group's translate; node box =
# the visible rect's width/height; edges = route-path endpoints matched to
# node boxes, emitted as chords. Graph number g1..g8 is the reference graph
# (h<k>.svg) the drawing is isomorphic to; the task number in the file name
# was presentation order. All 136 drawings parsed, none excluded.
G 03732_g1 4 6
V 160 257 50 30
V 387 365 30 30
V 150 418 30 47
V 261 365 30 30
U 3 1
U 1 0
U 0 2
U 2 1
U 0 3
U 3 2
G 03732_g2 9 10
V 722 274 30 30
V 722 487 30 30
V 722 344 30 30
V 418 276 30 30
V 418 412 30 30
V 722 441 30 30
V 546 489 30 30
V 546 412 30 30
V 550 345 30 30
U 7 5
U 5 2
U 2 0
U 7 4
U 1 5
U 0 8
U 8 7
U 8 3
U 3 4
U 7 6
G 03732_g3 7 6
V 533 336 30 30
V 449 153 30 30
V 602 257 30 30
V 595 153 30 30
V 666 339 30 30
V 319 153 30 30
V 449 48 30 30
U 3 2
U 3 1
U 2 4
U 2 0
U 1 6
U 1 5
G 03732_g4 12 12
V 211 340 30 30
V 296 241 30 30
V 475 241 30 30
V 385 246 30 30
V 296 296 30 30
V 14 123 30 30
V 80 123 30 30
V 151 123 30 30
V 154 253 30 30
V 211 123 30 30
V 535 119 30 30
V 540 334 30 30
U 0 11
U 11 10
U 10 9
U 9 0
U 11 2
U 2 3
U 3 1
U 1 4
U 9 7
U 7 6
U 6 5
U 7 8
G 03732_g5 13 14
V 717 411 30 30
V 476 283 30 30
V 468 410 50 30
V 577 420 30 30
V 576 376 30 30
V 630 376 30 56
V 377 336 30 30
V 378 410 30 30
V 276 455 42 51
V 526 228 30 30
V 396 228 53 30
V 279 225 30 30
V 511 460 30 30
U 9 10
U 10 11
U 0 9
U 0 1
U 1 2
U 11 8
U 8 12
U 12 0
U 2 6
U 2 7
U 0 5
U 5 4
U 4 3
U 3 0
G 03732_g6 7 6
V 300 381 30 30
V 327 233 83 32
V 194 233 30 30
V 313 163 47 53
V 489 236 30 30
V 347 425 23 92
V 453 163 89 30
U 1 0
U 1 4
U 1 5
U 3 1
U 2 1
U 3 6
G 03732_g7 12 13
V 202 403 30 30
V 393 476 30 30
V 394 436 30 30
V 202 517 30 30
V 394 389 30 30
V 467 467 30 30
V 317 403 30 30
V 316 517 30 30
V 462 391 30 30
V 532 517 30 30
V 532 315 30 30
V 202 315 30 30
U 11 10
U 10 9
U 9 7
U 7 3
U 3 0
U 0 11
U 0 6
U 8 5
U 5 1
U 8 4
U 10 8
U 6 7
U 5 2
G 03732_g8 10 10
V 728 302 30 30
V 731 231 30 30
V 421 223 30 30
V 417 462 30 30
V 728 462 30 30
V 465 287 30 30
V 549 355 30 30
V 470 355 30 30
V 550 431 30 30
V 599 287 30 30
U 4 0
U 0 1
U 3 4
U 1 3
U 6 1
U 6 5
U 5 9
U 5 2
U 6 7
U 6 8
G 0417b_g1 4 6
V 459 490 50 30
V 106 495 30 30
V 221 194 30 47
V 704 130 30 30
U 3 1
U 1 0
U 0 2
U 2 1
U 0 3
U 3 2
G 0417b_g2 9 10
V 188 370 30 30
V 296 178 30 30
V 296 234 30 30
V 188 538 30 30
V 296 397 30 30
V 520 320 30 30
V 606 323 30 30
V 771 381 30 30
V 771 530 30 30
U 3 0
U 2 1
U 2 7
U 7 6
U 6 5
U 2 0
U 8 7
U 5 4
U 4 2
U 4 3
G 0417b_g3 7 6
V 720 60 30 30
V 718 305 30 30
V 1102 256 30 30
V 850 55 30 30
V 850 254 30 30
V 859 477 30 30
V 335 189 30 30
U 3 0
U 3 4
U 0 6
U 0 1
U 4 5
U 4 2
G 0417b_g4 12 12
V -119 234 30 30
V 92 57 30 30
V 92 249 30 30
V 94 439 30 30
V 176 77 30 30
V 176 434 30 30
V 348 -10 30 30
V 454 -10 30 30
V 461 155 30 30
V 246 -3 30 30
V 253 299 30 30
V 727 288 30 30
U 5 10
U 10 11
U 11 4
U 4 5
U 10 9
U 9 6
U 6 7
U 7 8
U 4 2
U 2 1
U 1 0
U 2 3
G 0417b_g5 13 14
V 523 147 30 30
V 391 142 53 30
V 399 266 30 30
V 518 272 42 51
V 523 355 30 30
V 540 534 30 30
V 718 529 30 30
V 621 535 50 30
V 626 464 30 30
V 784 39 30 30
V 847 532 30 56
V 960 532 30 30
V 947 405 30 30
U 0 1
U 1 2
U 9 0
U 9 6
U 6 7
U 2 3
U 3 4
U 4 9
U 7 8
U 7 5
U 9 10
U 10 11
U 11 12
U 12 9
G 0417b_g6 7 6
V 327 252 83 32
V 313 128 47 53
V 588 128 89 30
V 587 260 30 30
V 76 264 30 30
V 592 409 23 92
V 78 332 30 30
U 0 3
U 0 5
U 1 0
U 4 0
U 1 2
U 0 6
G 0417b_g7 12 13
V 152 280 30 30
V 152 429 30 30
V 152 565 30 30
V 566 565 30 30
V 661 188 30 30
V 357 429 30 30
V 356 565 30 30
V 566 280 30 30
V 674 99 30 30
V 732 288 30 30
V 809 288 30 30
V 729 564 30 30
U 0 7
U 7 3
U 3 6
U 6 2
U 2 1
U 1 0
U 1 5
U 4 9
U 9 11
U 4 8
U 7 4
U 5 6
U 9 10
G 0417b_g8 10 10
V 742 173 30 30
V 951 179 30 30
V 546 182 30 30
V 477 243 30 30
V 550 243 30 30
V 951 321 30 30
V 739 321 30 30
V 340 14 30 30
V 335 129 30 30
V 340 229 30 30
U 5 6
U 6 0
U 1 5
U 0 1
U 2 0
U 2 8
U 8 9
U 8 7
U 2 3
U 2 4
G 07bbd_g1 4 6
V 87 259 30 30
V 213 259 30 30
V 149 321 30 47
V 149 203 50 30
U 0 1
U 1 3
U 3 2
U 2 1
U 3 0
U 0 2
G 07bbd_g2 9 10
V 214 180 30 30
V 276 224 30 30
V 332 183 30 30
V 424 334 30 30
V 424 429 30 30
V 495 334 30 30
V 495 283 30 30
V 378 283 30 30
V 141 180 30 30
U 2 1
U 0 8
U 0 3
U 3 5
U 5 6
U 0 1
U 4 3
U 6 7
U 7 0
U 7 2
G 07bbd_g3 7 6
V 244 114 30 30
V 244 182 30 30
V 304 114 30 30
V 371 114 30 30
V 372 180 30 30
V 186 109 30 30
V 432 113 30 30
U 2 0
U 2 3
U 0 5
U 0 1
U 3 6
U 3 4
G 07bbd_g4 12 12
V 45 57 30 30
V 100 57 30 30
V 103 115 30 30
V 158 57 30 30
V 164 116 30 30
V 231 116 30 30
V 225 56 30 30
V 293 118 30 30
V 414 118 30 30
V 354 118 30 30
V 467 118 30 30
V -12 57 30 30
U 4 5
U 5 6
U 6 3
U 3 4
U 5 7
U 7 9
U 9 8
U 8 10
U 3 1
U 1 0
U 0 11
U 1 2
G 07bbd_g5 13 14
V 181 346 30 30
V 317 454 30 30
V 237 345 30 30
V 313 272 53 30
V 322 391 30 30
V 503 391 30 56
V 441 391 30 30
V 236 275 30 30
V 391 268 30 30
V 384 440 42 51
V 122 346 50 30
V 122 272 30 30
V 56 346 30 30
U 7 3
U 3 8
U 2 7
U 2 0
U 0 10
U 8 9
U 9 1
U 1 2
U 10 11
U 10 12
U 2 5
U 5 6
U 6 4
U 4 2
G 07bbd_g6 7 6
V 156 182 83 32
V 129 293 30 30
V 156 109 47 53
V 261 109 89 30
V 178 294 30 30
V 75 293 30 30
V 236 262 23 92
U 0 4
U 0 6
U 2 0
U 5 0
U 2 3
U 0 1
G 07bbd_g7 12 13
V 128 277 30 30
V 194 277 30 30
V 130 223 30 30
V 78 219 30 30
V 194 217 30 30
V 253 218 30 30
V 253 278 30 30
V 309 218 30 30
V 361 284 30 30
V 367 218 30 30
V 367 350 30 30
V 418 280 30 30
U 7 5
U 5 6
U 6 10
U 10 11
U 11 9
U 9 7
U 9 8
U 4 2
U 2 3
U 4 1
U 5 4
U 8 10
U 2 0
G 07bbd_g8 10 10
V 515 127 30 30
V 515 186 30 30
V 670 116 30 30
V 360 118 30 30
V 443 186 30 30
V 513 263 30 30
V 583 311 30 30
V 509 321 30 30
V 441 321 30 30
V 586 185 30 30
U 7 6
U 6 9
U 8 7
U 9 8
U 1 9
U 1 0
U 0 2
U 0 3
U 1 4
U 1 5
G 14669_g1 4 6
V 176 332 30 30
V 264 230 50 30
V 297 424 30 47
V 391 251 30 30
U 0 3
U 3 1
U 1 2
U 2 3
U 1 0
U 0 2
G 14669_g2 9 10
V 336 386 30 30
V 260 342 30 30
V 626 488 30 30
V 622 344 30 30
V 577 273 30 30
V 427 309 30 30
V 205 272 30 30
V 336 487 30 30
V 577 415 30 30
U 6 1
U 0 7
U 0 8
U 8 3
U 3 4
U 0 1
U 2 8
U 4 5
U 5 0
U 5 6
G 14669_g3 7 6
V 499 177 30 30
V 585 273 30 30
V 527 327 30 30
V 639 331 30 30
V 397 177 30 30
V 397 265 30 30
V 321 103 30 30
U 0 4
U 0 1
U 4 6
U 4 5
U 1 3
U 1 2
G 14669_g4 12 12
V 211 79 30 30
V 211 340 30 30
V 525 334 30 30
V 130 123 30 30
V 392 94 30 30
V 399 172 30 30
V 402 246 30 30
V 475 287 30 30
V 582 36 30 30
V 101 57 30 30
V 173 206 30 30
V 21 57 30 30
U 1 2
U 2 8
U 8 0
U 0 1
U 2 7
U 7 6
U 6 5
U 5 4
U 0 3
U 3 9
U 9 11
U 3 10
G 14669_g5 13 14
V 460 414 42 51
V 514 484 30 30
V 694 357 30 30
V 374 322 30 30
V 132 202 30 30
V 39 346 30 30
V 532 250 30 30
V 586 427 30 30
V 523 147 30 30
V 168 519 50 30
V 354 191 53 30
V 633 210 30 56
V 252 260 30 30
U 8 10
U 10 12
U 2 8
U 2 3
U 3 9
U 12 0
U 0 1
U 1 2
U 9 4
U 9 5
U 2 11
U 11 6
U 6 7
U 7 2
G 14669_g6 7 6
V 327 252 83 32
V 194 225 30 30
V 418 191 89 30
V 239 332 30 30
V 331 126 47 53
V 379 434 23 92
V 425 304 30 30
U 0 6
U 0 5
U 4 0
U 1 0
U 4 2
U 0 3
G 14669_g7 12 13
V 530 280 30 30
V 202 403 30 30
V 354 403 30 30
V 353 502 30 30
V 430 353 30 30
V 318 328 30 30
V 455 467 30 30
V 403 427 30 30
V 202 280 30 30
V 311 451 30 30
V 202 502 30 30
V 537 502 30 30
U 8 0
U 0 11
U 11 3
U 3 10
U 10 1
U 1 8
U 1 2
U 4 6
U 6 9
U 4 5
U 0 4
U 2 3
U 6 7
G 14669_g8 10 10
V 731 231 30 30
V 452 170 30 30
V 560 167 30 30
V 409 118 30 30
V 400 439 30 30
V 671 488 30 30
V 732 295 30 30
V 472 404 30 30
V 548 339 30 30
V 455 306 30 30
U 5 6
U 6 0
U 4 5
U 0 4
U 8 0
U 8 1
U 1 2
U 1 3
U 8 9
U 8 7
G 1bca9_g1 4 6
V 264 230 50 30
V 269 423 30 47
V 180 146 30 30
V 393 146 30 30
U 2 3
U 3 0
U 0 1
U 1 3
U 0 2
U 2 1
G 1bca9_g2 9 10
V 722 416 30 30
V 722 274 30 30
V 168 274 30 30
V 722 487 30 30
V 397 518 30 30
V 722 343 30 30
V 397 274 30 30
V 397 416 30 30
V 168 416 30 30
U 2 8
U 7 4
U 7 0
U 0 5
U 5 1
U 7 8
U 3 0
U 1 6
U 6 7
U 6 2
G 1bca9_g3 7 6
V 473 146 30 30
V 701 181 30 30
V 314 259 30 30
V 857 202 30 30
V 710 348 30 30
V 433 264 30 30
V 217 263 30 30
U 0 1
U 0 2
U 1 3
U 1 4
U 2 5
U 2 6
G 1bca9_g4 12 12
V 211 79 30 30
V 211 340 30 30
V 525 334 30 30
V 130 123 30 30
V 138 206 30 30
V 130 57 30 30
V 57 60 30 30
V 539 79 30 30
V 525 254 30 30
V 455 254 30 30
V 385 254 30 30
V 323 254 30 30
U 1 2
U 2 7
U 7 0
U 0 1
U 2 8
U 8 9
U 9 10
U 10 11
U 0 3
U 3 5
U 5 6
U 3 4
G 1bca9_g5 13 14
V 132 202 30 30
V 142 519 50 30
V 39 346 30 30
V 851 99 30 30
V 874 294 53 30
V 882 444 30 30
V 875 550 42 51
V 766 449 30 30
V 500 273 30 30
V 656 199 30 56
V 762 208 30 30
V 694 282 30 30
V 373 273 30 30
U 3 4
U 4 5
U 8 3
U 8 12
U 12 1
U 5 6
U 6 7
U 7 8
U 1 0
U 1 2
U 8 9
U 9 10
U 10 11
U 11 8
G 1bca9_g6 7 6
V 327 252 83 32
V 313 128 47 53
V 469 128 89 30
V 365 372 23 92
V 248 401 30 30
V 177 252 30 30
V 517 260 30 30
U 0 6
U 0 3
U 1 0
U 5 0
U 1 2
U 0 4
G 1bca9_g7 12 13
V 152 280 30 30
V 530 280 30 30
V 222 511 30 30
V 537 517 30 30
V 202 403 30 30
V 354 403 30 30
V 353 502 30 30
V 653 280 30 30
V 736 376 30 30
V 653 466 30 30
V 746 460 30 30
V 674 534 30 30
U 0 1
U 1 3
U 3 6
U 6 2
U 2 4
U 4 0
U 4 5
U 7 9
U 9 11
U 7 8
U 1 7
U 5 6
U 9 10
G 1bca9_g8 10 10
V 452 170 30 30
V 708 170 30 30
V 714 94 30 30
V 694 233 30 30
V 691 304 30 30
V 697 467 30 30
V 397 467 30 30
V 821 177 30 30
V 339 171 30 30
V 441 104 30 30
U 5 4
U 4 3
U 6 5
U 3 6
U 1 3
U 1 0
U 0 9
U 0 8
U 1 2
U 1 7
G 3c585_g1 4 6
V 226 234 50 30
V 226 348 30 47
V 175 289 30 30
V 277 289 30 30
U 2 3
U 3 0
U 0 1
U 1 3
U 0 2
U 2 1
G 3c585_g2 9 10
V 410 274 30 30
V 410 371 30 30
V 410 439 30 30
V 335 274 30 30
V 335 371 30 30
V 335 441 30 30
V 259 274 30 30
V 259 371 30 30
V 458 323 30 30
U 4 1
U 1 8
U 8 0
U 4 7
U 2 1
U 0 3
U 3 4
U 3 6
U 6 7
U 4 5
G 3c585_g3 7 6
V 169 259 30 30
V 230 259 30 30
V 116 259 30 30
V 169 309 30 30
V 286 261 30 30
V 349 261 30 30
V 286 310 30 30
U 1 4
U 1 0
U 4 5
U 4 6
U 0 3
U 0 2
G 3c585_g4 12 12
V -17 197 30 30
V 45 197 30 30
V 108 197 30 30
V 166 198 30 30
V 226 198 30 30
V 288 198 30 30
V 227 259 30 30
V 346 198 30 30
V 408 198 30 30
V 468 198 30 30
V 523 196 30 30
V 111 259 30 30
U 6 5
U 5 4
U 4 3
U 3 6
U 5 7
U 7 8
U 8 9
U 9 10
U 3 2
U 2 1
U 1 0
U 2 11
G 3c585_g5 13 14
V 345 347 30 30
V 417 289 30 30
V 276 440 30 56
V 341 440 30 30
V 395 439 30 30
V 418 352 42 51
V 575 347 53 30
V 495 352 30 30
V 131 292 30 30
V 269 347 30 30
V 203 347 30 30
V 131 347 50 30
V 59 347 30 30
U 1 6
U 6 7
U 9 1
U 9 10
U 10 11
U 7 5
U 5 0
U 0 9
U 11 8
U 11 12
U 9 2
U 2 3
U 3 4
U 4 9
G 3c585_g6 7 6
V -27 226 89 30
V 69 228 47 53
V 265 226 23 92
V 160 225 83 32
V 125 281 30 30
V 199 280 30 30
V 163 280 30 30
U 3 4
U 3 6
U 3 2
U 1 3
U 5 3
U 1 0
G 3c585_g7 12 13
V 271 417 30 30
V 270 478 30 30
V 207 417 30 30
V 76 415 30 30
V 207 477 30 30
V 143 417 30 30
V 143 475 30 30
V 333 418 30 30
V 398 416 30 30
V 472 415 30 30
V 537 415 30 30
V 472 368 30 30
U 7 0
U 0 1
U 1 10
U 10 9
U 9 8
U 8 7
U 8 11
U 2 5
U 5 3
U 2 4
U 0 2
U 11 10
U 5 6
G 3c585_g8 10 10
V 272 306 30 30
V 210 306 30 30
V 272 252 30 30
V 272 197 30 30
V 335 306 30 30
V 272 369 30 30
V 399 306 30 30
V 455 306 30 30
V 399 356 30 30
V 207 252 30 30
U 7 6
U 6 4
U 8 7
U 4 8
U 0 4
U 0 2
U 2 9
U 2 3
U 0 5
U 0 1
G 4063c_g1 4 6
V 251 209 50 30
V 251 327 30 47
V 452 323 30 30
V 352 323 30 30
U 3 2
U 2 0
U 0 1
U 1 2
U 0 3
U 3 1
G 4063c_g2 9 10
V 399 298 30 30
V 399 391 30 30
V 259 298 30 30
V 259 391 30 30
V 399 492 30 30
V 524 298 30 30
V 638 350 30 30
V 526 391 30 30
V 526 494 30 30
U 2 3
U 1 4
U 1 7
U 7 6
U 6 5
U 1 3
U 8 7
U 5 0
U 0 1
U 0 2
G 4063c_g3 7 6
V 478 223 30 30
V 478 118 30 30
V 389 323 30 30
V 571 118 30 30
V 389 118 30 30
V 478 326 30 30
V 571 325 30 30
U 0 1
U 0 5
U 1 3
U 1 4
U 5 6
U 5 2
G 4063c_g4 12 12
V 163 58 30 30
V 163 207 30 30
V 92 136 30 30
V 25 136 30 30
V 92 57 30 30
V 163 131 30 30
V 243 133 30 30
V 385 131 30 30
V 457 129 30 30
V 314 131 30 30
V 535 129 30 30
V 92 -16 30 30
U 1 6
U 6 0
U 0 5
U 5 1
U 6 9
U 9 7
U 7 8
U 8 10
U 5 2
U 2 4
U 4 11
U 2 3
G 4063c_g5 13 14
V 654 233 30 56
V 756 381 30 30
V 447 390 30 30
V 447 233 30 30
V 898 381 30 30
V 756 164 30 30
V 319 160 53 30
V 312 448 42 51
V 315 623 30 30
V 160 450 50 30
V 160 540 30 30
V 160 367 30 30
V 319 312 30 30
U 5 6
U 6 12
U 1 5
U 1 8
U 8 9
U 12 7
U 7 4
U 4 1
U 9 11
U 9 10
U 1 0
U 0 3
U 3 2
U 2 1
G 4063c_g6 7 6
V 324 266 83 32
V 294 206 30 30
V 361 207 30 30
V 328 206 30 30
V 222 268 23 92
V 324 332 47 53
V 324 407 89 30
U 0 2
U 0 4
U 5 0
U 3 0
U 5 6
U 0 1
G 4063c_g7 12 13
V 294 273 30 30
V 374 273 30 30
V 208 273 30 30
V 294 197 30 30
V 207 197 30 30
V 460 273 30 30
V 460 197 30 30
V 548 195 30 30
V 547 129 30 30
V 636 197 30 30
V 634 273 30 30
V 548 273 30 30
U 1 5
U 5 6
U 6 4
U 4 3
U 3 0
U 0 1
U 0 2
U 11 7
U 7 8
U 11 10
U 5 11
U 2 4
U 7 9
G 4063c_g8 10 10
V 549 253 30 30
V 477 253 30 30
V 549 343 30 30
V 549 165 30 30
V 624 165 30 30
V 625 253 30 30
V 714 253 30 30
V 714 339 30 30
V 478 162 30 30
V 622 337 30 30
U 7 9
U 9 5
U 6 7
U 5 6
U 0 5
U 0 3
U 3 8
U 3 4
U 0 1
U 0 2
G 46a4f_g1 4 6
V 264 230 50 30
V 344 153 30 30
V 148 144 30 30
V 264 358 30 47
U 2 1
U 1 0
U 0 3
U 3 1
U 0 2
U 2 3
G 46a4f_g2 9 10
V 722 274 30 30
V 168 274 30 30
V 397 405 30 30
V 831 346 30 30
V 168 400 30 30
V 722 405 30 30
V 722 505 30 30
V 397 496 30 30
V 397 274 30 30
U 1 4
U 2 7
U 2 5
U 5 3
U 3 0
U 2 4
U 6 5
U 0 8
U 8 2
U 8 1
G 46a4f_g3 7 6
V 404 104 30 30
V 319 164 30 30
V 261 251 30 30
V 381 256 30 30
V 486 167 30 30
V 441 257 30 30
V 542 259 30 30
U 0 4
U 0 1
U 4 6
U 4 5
U 1 3
U 1 2
G 46a4f_g4 12 12
V 211 79 30 30
V 224 185 30 30
V 535 179 30 30
V 535 80 30 30
V 535 257 30 30
V 534 385 30 30
V 534 445 30 30
V 533 321 30 30
V 125 80 30 30
V 43 80 30 30
V 126 184 30 30
V 126 251 30 30
U 1 2
U 2 3
U 3 0
U 0 1
U 2 4
U 4 7
U 7 5
U 5 6
U 0 8
U 8 10
U 10 11
U 8 9
G 46a4f_g5 13 14
V 623 74 30 30
V 534 164 30 30
V 534 319 42 51
V 739 78 30 56
V 833 72 30 30
V 835 -88 30 30
V 366 80 30 30
V 366 252 53 30
V 366 403 30 30
V 626 252 30 30
V 628 389 50 30
V 722 393 30 30
V 628 544 30 30
U 6 7
U 7 8
U 0 6
U 0 9
U 9 10
U 8 2
U 2 1
U 1 0
U 10 12
U 10 11
U 0 3
U 3 4
U 4 5
U 5 0
G 46a4f_g6 7 6
V 327 -1 83 32
V 493 -1 47 53
V 636 -1 89 30
V 353 129 23 92
V 327 230 30 30
V 230 -1 30 30
V 300 123 30 30
U 0 4
U 0 3
U 1 0
U 5 0
U 1 2
U 0 6
G 46a4f_g7 12 13
V 530 280 30 30
V 651 275 30 30
V 621 484 30 30
V 683 485 30 30
V 651 367 30 30
V 733 368 30 30
V 530 502 30 30
V 403 502 30 30
V 285 502 30 30
V 285 401 30 30
V 285 280 30 30
V 222 561 30 30
U 10 0
U 0 6
U 6 7
U 7 8
U 8 9
U 9 10
U 9 11
U 1 4
U 4 3
U 1 5
U 0 1
U 11 7
U 4 2
G 46a4f_g8 10 10
V 545 -163 30 30
V 641 -160 30 30
V 754 -159 30 30
V 638 -22 30 30
V 759 -22 30 30
V 545 -250 30 30
V 545 -20 30 30
V 443 -162 30 30
V 443 -23 30 30
V 342 -156 30 30
U 4 3
U 3 1
U 2 4
U 1 2
U 0 1
U 0 7
U 7 8
U 7 9
U 0 6
U 0 5
G 51c63_g1 4 6
V 174 254 50 30
V 413 251 30 30
V 287 379 30 30
V 286 256 30 47
U 2 1
U 1 0
U 0 3
U 3 1
U 0 2
U 2 3
G 51c63_g2 9 10
V 397 416 30 30
V 397 539 30 30
V 397 267 30 30
V 534 267 30 30
V 248 416 30 30
V 248 267 30 30
V 534 333 30 30
V 534 416 30 30
V 534 536 30 30
U 5 4
U 0 1
U 0 7
U 7 6
U 6 3
U 0 4
U 8 7
U 3 2
U 2 0
U 2 5
G 51c63_g3 7 6
V 165 419 30 30
V 173 227 30 30
V 276 227 30 30
V 281 164 30 30
V 169 326 30 30
V 78 333 30 30
V 339 230 30 30
U 1 2
U 1 5
U 2 3
U 2 6
U 5 4
U 5 0
G 51c63_g4 12 12
V 439 253 30 30
V 227 124 30 30
V 439 130 30 30
V 237 259 30 30
V 145 124 30 30
V 76 124 30 30
V 2 124 30 30
V 145 58 30 30
V 497 253 30 30
V 551 253 30 30
V 613 253 30 30
V 675 253 30 30
U 3 0
U 0 2
U 2 1
U 1 3
U 0 8
U 8 9
U 9 10
U 10 11
U 1 4
U 4 5
U 5 6
U 4 7
G 51c63_g5 13 14
V -9 307 50 30
V 73 307 30 30
V 298 123 30 30
V 149 302 30 30
V 210 128 30 56
V 298 229 30 30
V 213 399 30 30
V 301 404 42 51
V 377 397 30 30
V 366 495 53 30
V 244 504 30 30
V -9 200 30 30
V -9 427 30 30
U 10 9
U 9 8
U 3 10
U 3 1
U 1 0
U 8 7
U 7 6
U 6 3
U 0 11
U 0 12
U 3 4
U 4 2
U 2 5
U 5 3
G 51c63_g6 7 6
V 327 285 83 32
V 128 362 30 30
V 164 212 30 30
V 248 458 23 92
V 453 346 30 30
V 310 171 47 53
V 435 168 89 30
U 0 4
U 0 3
U 5 0
U 2 0
U 5 6
U 0 1
G 51c63_g7 12 13
V 530 280 30 30
V 354 403 30 30
V 130 533 30 30
V 130 403 30 30
V 130 280 30 30
V 353 533 30 30
V 530 533 30 30
V 633 237 30 30
V 723 196 30 30
V 724 312 30 30
V 795 269 30 30
V 795 365 30 30
U 4 0
U 0 6
U 6 5
U 5 2
U 2 3
U 3 4
U 3 1
U 7 9
U 9 11
U 7 8
U 0 7
U 1 5
U 9 10
G 51c63_g8 10 10
V 213 137 30 30
V 301 46 30 30
V 123 139 30 30
V 123 319 30 30
V 18 319 30 30
V 12 139 30 30
V 477 82 30 30
V 478 186 30 30
V 303 213 30 30
V 364 137 30 30
U 4 3
U 3 2
U 5 4
U 2 5
U 0 2
U 0 9
U 9 7
U 9 6
U 0 8
U 0 1
G 5c2bb_g1 4 6
V 264 230 50 30
V 276 324 30 30
V 346 324 30 30
V 254 426 30 47
U 1 2
U 2 0
U 0 3
U 3 2
U 0 1
U 1 3
G 5c2bb_g2 9 10
V 296 396 30 30
V 722 274 30 30
V 168 274 30 30
V 722 487 30 30
V 168 396 30 30
V 722 396 30 30
V 722 344 30 30
V 296 489 30 30
V 296 274 30 30
U 2 4
U 0 7
U 0 5
U 5 6
U 6 1
U 0 4
U 3 5
U 1 8
U 8 0
U 8 2
G 5c2bb_g3 7 6
V 701 181 30 30
V 314 259 30 30
V 263 79 30 30
V 397 79 30 30
V 200 337 30 30
V 534 347 30 30
V 701 353 30 30
U 3 0
U 3 1
U 0 2
U 0 6
U 1 5
U 1 4
G 5c2bb_g4 12 12
V 211 79 30 30
V 211 340 30 30
V 130 123 30 30
V 38 123 30 30
V -96 123 30 30
V 296 299 30 30
V 133 224 30 30
V 296 222 30 30
V 391 227 30 30
V 484 228 30 30
V 484 326 30 30
V 485 78 30 30
U 1 10
U 10 11
U 11 0
U 0 1
U 10 9
U 9 8
U 8 7
U 7 5
U 0 2
U 2 3
U 3 4
U 2 6
G 5c2bb_g5 13 14
V 460 414 42 51
V 694 357 30 30
V 374 322 30 30
V 142 519 50 30
V 633 237 30 56
V 523 147 30 30
V 254 279 30 30
V 531 237 30 30
V 531 408 30 30
V 472 488 30 30
V 246 142 53 30
V 147 200 30 30
V 89 339 30 30
U 5 10
U 10 6
U 1 5
U 1 2
U 2 3
U 6 0
U 0 9
U 9 1
U 3 11
U 3 12
U 1 4
U 4 7
U 7 8
U 8 1
G 5c2bb_g6 7 6
V 327 252 83 32
V 300 381 30 30
V 508 326 30 30
V 313 128 47 53
V 418 191 89 30
V 195 252 30 30
V 358 459 23 92
U 0 2
U 0 6
U 3 0
U 5 0
U 3 4
U 0 1
G 5c2bb_g7 12 13
V 152 280 30 30
V 354 403 30 30
V 430 353 30 30
V 152 403 30 30
V 152 509 30 30
V 353 509 30 30
V 537 509 30 30
V 537 280 30 30
V 317 353 30 30
V 430 467 30 30
V 397 403 30 30
V 296 476 30 30
U 0 7
U 7 6
U 6 5
U 5 4
U 4 3
U 3 0
U 3 1
U 2 9
U 9 11
U 2 8
U 7 2
U 1 5
U 9 10
G 5c2bb_g8 10 10
V 728 302 30 30
V 731 231 30 30
V 549 355 30 30
V 400 439 30 30
V 622 439 30 30
V 444 355 30 30
V 548 406 30 30
V 549 163 30 30
V 547 80 30 30
V 727 160 30 30
U 4 0
U 0 1
U 3 4
U 1 3
U 2 1
U 2 7
U 7 9
U 7 8
U 2 5
U 2 6
G 7704d_g1 4 6
V 245 232 50 30
V 390 232 30 30
V 96 170 30 30
V 235 341 30 47
U 2 1
U 1 0
U 0 3
U 3 1
U 0 2
U 2 3
G 7704d_g2 9 10
V 722 416 30 30
V 722 274 30 30
V 398 274 30 30
V 163 274 30 30
V 722 350 30 30
V 398 416 30 30
V 277 343 30 30
V 163 416 30 30
V 581 335 30 30
U 5 0
U 0 4
U 4 1
U 5 7
U 8 0
U 1 2
U 2 5
U 2 3
U 3 7
U 5 6
G 7704d_g3 7 6
V 343 91 30 30
V 457 45 30 30
V 263 91 30 30
V 320 159 30 30
V 260 305 30 30
V 336 307 30 30
V 494 308 30 30
U 0 1
U 0 3
U 1 2
U 1 6
U 3 5
U 3 4
G 7704d_g4 12 12
V 211 79 30 30
V 211 340 30 30
V 289 201 30 30
V 130 123 30 30
V 177 258 30 30
V 394 206 30 30
V 481 211 30 30
V 481 334 30 30
V 393 278 30 30
V 485 161 30 30
V 92 59 30 30
V 145 339 30 30
U 1 7
U 7 9
U 9 0
U 0 1
U 7 6
U 6 5
U 5 2
U 2 8
U 0 3
U 3 10
U 10 11
U 3 4
G 7704d_g5 13 14
V 224 183 50 30
V 320 426 30 30
V 661 259 30 30
V 444 514 30 30
V 277 514 30 30
V 125 507 30 56
V 106 180 30 30
V 105 251 30 30
V 42 304 53 30
V 320 302 30 30
V 36 567 30 30
V 489 560 42 51
V 688 566 30 30
U 9 8
U 8 10
U 1 9
U 1 2
U 2 0
U 10 11
U 11 12
U 12 1
U 0 7
U 0 6
U 1 5
U 5 4
U 4 3
U 3 1
G 7704d_g6 7 6
V 327 254 83 32
V 313 128 47 53
V 455 119 89 30
V 484 187 30 30
V 484 254 30 30
V 481 352 23 92
V 300 379 30 30
U 0 6
U 0 4
U 0 5
U 1 0
U 3 0
U 1 2
G 7704d_g7 12 13
V 152 280 30 30
V 527 280 30 30
V 152 403 30 30
V 152 517 30 30
V 489 454 30 30
V 489 328 30 30
V 339 403 30 30
V 338 517 30 30
V 338 328 30 30
V 243 463 30 30
V 418 391 30 30
V 527 517 30 30
U 0 1
U 1 11
U 11 7
U 7 3
U 3 2
U 2 0
U 2 6
U 5 4
U 4 9
U 5 8
U 1 5
U 6 7
U 4 10
G 7704d_g8 10 10
V 621 462 30 30
V 728 302 30 30
V 731 231 30 30
V 549 355 30 30
V 442 320 30 30
V 472 404 30 30
V 399 462 30 30
V 549 170 30 30
V 732 167 30 30
V 408 168 30 30
U 0 1
U 1 2
U 6 0
U 2 6
U 3 2
U 3 7
U 7 8
U 7 9
U 3 4
U 3 5
G 78d30_g1 4 6
V -69 194 30 30
V 213 194 30 30
V 213 116 30 47
V 474 194 50 30
U 0 1
U 1 3
U 3 2
U 2 1
U 3 0
U 0 2
G 78d30_g2 9 10
V 722 274 30 30
V 168 274 30 30
V 865 346 30 30
V 296 314 30 30
V 296 448 30 30
V 296 571 30 30
V 722 448 30 30
V 722 574 30 30
V 168 384 30 30
U 4 6
U 6 2
U 2 0
U 4 8
U 7 6
U 0 3
U 3 4
U 3 1
U 1 8
U 4 5
G 78d30_g3 7 6
V 701 181 30 30
V 203 53 30 30
V 80 216 30 30
V 92 393 30 30
V 495 231 30 30
V 307 299 30 30
V 812 374 30 30
U 1 0
U 1 2
U 0 6
U 0 4
U 2 5
U 2 3
G 78d30_g4 12 12
V -122 132 30 30
V -186 252 30 30
V -53 251 30 30
V -120 317 30 30
V 76 254 30 30
V 215 254 30 30
V 82 59 30 30
V 82 -65 30 30
V 216 131 30 30
V 82 -2 30 30
V 368 257 30 30
V 367 335 30 30
U 1 3
U 3 2
U 2 0
U 0 1
U 3 4
U 4 5
U 5 10
U 10 11
U 0 6
U 6 9
U 9 7
U 6 8
G 78d30_g5 13 14
V -117 265 30 30
V 139 405 30 30
V 315 501 30 30
V 203 78 30 30
V 51 265 50 30
V 466 78 30 30
V 301 150 30 30
V 473 502 53 30
V 221 307 42 51
V 587 249 30 30
V 767 113 30 56
V 851 169 30 30
V 464 341 30 30
U 12 7
U 7 2
U 5 12
U 5 3
U 3 4
U 2 8
U 8 6
U 6 5
U 4 1
U 4 0
U 5 10
U 10 11
U 11 9
U 9 5
G 78d30_g6 7 6
V 166 185 83 32
V 72 347 23 92
V 131 377 30 30
V 199 378 30 30
V 263 379 30 30
V 169 18 89 30
V 169 111 47 53
U 0 4
U 0 3
U 0 1
U 6 0
U 2 0
U 6 5
G 78d30_g7 12 13
V 80 398 30 30
V 80 217 30 30
V 326 114 30 30
V 80 575 30 30
V 327 398 30 30
V 617 496 30 30
V 767 499 30 30
V 624 591 30 30
V 730 592 30 30
V 809 592 30 30
V 616 401 30 30
V 617 223 30 30
U 3 10
U 10 11
U 11 2
U 2 1
U 1 0
U 0 3
U 0 4
U 5 6
U 6 8
U 5 7
U 10 5
U 4 2
U 6 9
G 78d30_g8 10 10
V 230 117 30 30
V 346 484 30 30
V 565 125 30 30
V 804 125 30 30
V 633 331 30 30
V 445 333 30 30
V 545 452 30 30
V 743 452 30 30
V 804 334 30 30
V 933 335 30 30
U 1 5
U 5 2
U 0 1
U 2 0
U 3 2
U 3 4
U 4 6
U 4 7
U 3 9
U 3 8
G 7c160_g1 4 6
V 176 332 30 30
V 267 422 30 47
V 267 236 50 30
V 353 332 30 30
U 0 3
U 3 2
U 2 1
U 1 3
U 2 0
U 0 1
G 7c160_g2 9 10
V 168 315 30 30
V 296 315 30 30
V 296 425 30 30
V 168 425 30 30
V 435 425 30 30
V 435 367 30 30
V 435 315 30 30
V 435 487 30 30
V 296 488 30 30
U 2 4
U 4 5
U 5 6
U 2 3
U 7 4
U 6 1
U 1 2
U 1 0
U 0 3
U 2 8
G 7c160_g3 7 6
V 169 260 30 30
V 311 259 30 30
V 169 181 30 30
V 404 254 30 30
V 490 254 30 30
V 595 254 30 30
V 364 366 30 30
U 3 4
U 3 1
U 4 2
U 4 5
U 1 6
U 1 0
G 7c160_g4 12 12
V 211 340 30 30
V 535 63 30 30
V 130 123 30 30
V -33 229 30 30
V 63 123 30 30
V 133 231 30 30
V 211 124 30 30
V 289 305 30 30
V 477 334 30 30
V 289 209 30 30
V 387 209 30 30
V 477 209 30 30
U 0 8
U 8 1
U 1 6
U 6 0
U 8 11
U 11 10
U 10 9
U 9 7
U 6 2
U 2 4
U 4 3
U 2 5
G 7c160_g5 13 14
V 164 519 50 30
V 164 395 30 30
V 330 391 42 51
V 425 511 30 30
V 240 397 30 30
V 73 519 30 30
V 432 259 30 30
V 337 319 30 30
V 337 259 53 30
V 498 395 30 30
V 613 399 30 30
V 561 350 30 56
V 563 447 30 30
U 6 8
U 8 7
U 9 6
U 9 4
U 4 0
U 7 2
U 2 3
U 3 9
U 0 1
U 0 5
U 9 11
U 11 10
U 10 12
U 12 9
G 7c160_g6 7 6
V 327 252 83 32
V 300 381 30 30
V 313 128 47 53
V 422 128 89 30
V 193 252 30 30
V 447 255 30 30
V 344 350 23 92
U 0 1
U 0 5
U 0 6
U 2 0
U 4 0
U 2 3
G 7c160_g7 12 13
V 152 280 30 30
V 537 517 30 30
V 152 403 30 30
V 152 517 30 30
V 537 280 30 30
V 228 476 30 30
V 297 403 30 30
V 296 517 30 30
V 299 328 30 30
V 502 468 30 30
V 402 328 30 30
V 402 467 30 30
U 0 4
U 4 1
U 1 7
U 7 3
U 3 2
U 2 0
U 2 6
U 10 11
U 11 5
U 10 8
U 4 10
U 6 7
U 11 9
G 7c160_g8 10 10
V 621 462 30 30
V 548 355 30 30
V 442 320 30 30
V 472 404 30 30
V 401 462 30 30
V 670 400 30 30
V 673 260 30 30
V 548 210 30 30
V 617 207 30 30
V 548 152 30 30
U 0 5
U 5 6
U 4 0
U 6 4
U 1 6
U 1 7
U 7 8
U 7 9
U 1 2
U 1 3
G 8e814_g1 4 6
V -27 141 30 30
V 227 467 30 30
V 37 352 50 30
V 464 141 30 47
U 0 1
U 1 2
U 2 3
U 3 1
U 2 0
U 0 3
G 8e814_g2 9 10
V 296 396 30 30
V 722 274 30 30
V 168 274 30 30
V 722 487 30 30
V 296 455 30 30
V 168 396 30 30
V 296 274 30 30
V 722 350 30 30
V 722 396 30 30
U 0 8
U 8 7
U 7 1
U 0 5
U 3 8
U 1 6
U 6 0
U 6 2
U 2 5
U 0 4
G 8e814_g3 7 6
V 703 181 30 30
V 314 259 30 30
V 189 264 30 30
V 509 262 30 30
V 703 240 30 30
V 636 181 30 30
V 314 34 30 30
U 6 0
U 6 1
U 0 5
U 0 4
U 1 3
U 1 2
G 8e814_g4 12 12
V 535 63 30 30
V -93 -45 30 30
V -6 13 30 30
V 54 124 30 30
V 57 199 30 30
V 135 28 30 30
V 135 322 30 30
V 205 319 30 30
V 205 78 30 30
V 331 83 30 30
V 435 241 30 30
V 523 372 30 30
U 6 11
U 11 0
U 0 5
U 5 6
U 11 10
U 10 9
U 9 8
U 8 7
U 5 3
U 3 2
U 2 1
U 3 4
G 8e814_g5 13 14
V 460 414 42 51
V 532 250 30 30
V 63 519 30 30
V 234 519 30 30
V 725 418 30 30
V 472 485 30 30
V 467 277 30 30
V 459 193 53 30
V 525 147 30 30
V 626 250 30 56
V 532 427 30 30
V 142 519 50 30
V 151 193 30 30
U 8 7
U 7 6
U 4 8
U 4 3
U 3 11
U 6 0
U 0 5
U 5 4
U 11 12
U 11 2
U 4 9
U 9 1
U 1 10
U 10 4
G 8e814_g6 7 6
V 418 191 89 30
V 360 255 83 32
V 333 368 30 30
V 537 263 30 30
V 346 122 47 53
V 185 246 30 30
V 384 459 23 92
U 1 2
U 1 3
U 1 6
U 4 1
U 5 1
U 4 0
G 8e814_g7 12 13
V 537 517 30 30
V 455 467 30 30
V 353 517 30 30
V 384 234 30 30
V 262 240 30 30
V 537 199 30 30
V 58 199 30 30
V 58 389 30 30
V 58 517 30 30
V 354 389 30 30
V 276 476 30 30
V 390 451 30 30
U 6 5
U 5 0
U 0 2
U 2 8
U 8 7
U 7 6
U 7 9
U 3 1
U 1 10
U 3 4
U 5 3
U 9 2
U 1 11
G 8e814_g8 10 10
V 621 462 30 30
V 549 355 30 30
V 244 78 30 30
V 235 462 30 30
V 414 355 30 30
V 550 418 30 30
V 549 78 30 30
V 710 75 30 30
V 728 462 30 30
V 731 227 30 30
U 0 8
U 8 9
U 3 0
U 9 3
U 1 9
U 1 6
U 6 7
U 6 2
U 1 4
U 1 5
G a1336_g1 4 6
V 297 424 30 47
V 176 332 30 30
V 478 253 30 30
V 258 187 50 30
U 1 2
U 2 3
U 3 0
U 0 2
U 3 1
U 1 0
G a1336_g2 9 10
V 296 396 30 30
V 722 416 30 30
V 722 274 30 30
V 397 315 30 30
V 168 274 30 30
V 722 487 30 30
V 296 518 30 30
V 168 396 30 30
V 815 345 30 30
U 0 1
U 1 8
U 8 2
U 0 7
U 5 1
U 2 3
U 3 0
U 3 4
U 4 7
U 0 6
G a1336_g3 7 6
V 701 181 30 30
V 314 259 30 30
V 263 79 30 30
V 734 336 30 30
V 539 427 30 30
V 194 308 30 30
V 434 96 30 30
U 6 0
U 6 1
U 0 2
U 0 3
U 1 4
U 1 5
G a1336_g4 12 12
V 211 79 30 30
V 211 340 30 30
V -112 153 30 30
V -9 153 30 30
V 75 153 30 30
V 117 244 30 30
V 562 31 30 30
V 569 334 30 30
V 413 182 30 30
V 296 177 30 30
V 296 282 30 30
V 538 187 30 30
U 1 7
U 7 6
U 6 0
U 0 1
U 7 11
U 11 8
U 8 9
U 9 10
U 0 4
U 4 3
U 3 2
U 4 5
G a1336_g5 13 14
V 353 173 53 30
V 39 346 30 30
V 151 202 30 30
V 142 517 50 30
V 288 323 30 30
V 388 415 42 51
V 442 488 30 30
V 289 270 30 30
V 530 96 30 30
V 630 195 30 56
V 533 195 30 30
V 533 409 30 30
V 729 353 30 30
U 8 0
U 0 7
U 12 8
U 12 4
U 4 3
U 7 5
U 5 6
U 6 12
U 3 2
U 3 1
U 12 9
U 9 10
U 10 11
U 11 12
G a1336_g6 7 6
V 300 381 30 30
V 508 326 30 30
V 344 458 23 92
V 194 225 30 30
V 313 45 47 53
V 488 111 89 30
V 327 168 83 32
U 6 0
U 6 1
U 6 2
U 4 6
U 3 6
U 4 5
G a1336_g7 12 13
V 152 280 30 30
V 537 517 30 30
V 354 403 30 30
V 294 463 30 30
V 395 451 30 30
V 152 403 30 30
V 152 517 30 30
V 353 517 30 30
V 537 280 30 30
V 319 309 30 30
V 460 309 30 30
V 460 467 30 30
U 0 8
U 8 1
U 1 7
U 7 6
U 6 5
U 5 0
U 5 2
U 10 11
U 11 3
U 10 9
U 8 10
U 2 7
U 11 4
G a1336_g8 10 10
V 621 462 30 30
V 549 355 30 30
V 442 320 30 30
V 472 404 30 30
V 731 227 30 30
V 728 303 30 30
V 397 462 30 30
V 437 147 30 30
V 549 167 30 30
V 343 95 30 30
U 0 5
U 5 4
U 6 0
U 4 6
U 1 4
U 1 7
U 7 8
U 7 9
U 1 2
U 1 3
G bf055_g1 4 6
V 297 424 30 47
V 176 332 30 30
V 232 147 50 30
V 390 146 30 30
U 1 3
U 3 2
U 2 0
U 0 3
U 2 1
U 1 0
G bf055_g2 9 10
V 722 274 30 30
V 168 274 30 30
V 722 487 30 30
V 451 274 30 30
V 451 387 30 30
V 174 395 30 30
V 722 387 30 30
V 722 336 30 30
V 450 484 30 30
U 4 6
U 6 7
U 7 0
U 4 5
U 2 6
U 0 3
U 3 4
U 3 1
U 1 5
U 4 8
G bf055_g3 7 6
V 701 181 30 30
V 618 17 30 30
V 345 156 30 30
V 548 258 30 30
V 782 260 30 30
V 424 257 30 30
V 261 257 30 30
U 1 0
U 1 2
U 0 3
U 0 4
U 2 5
U 2 6
G bf055_g4 12 12
V -13 28 30 30
V -73 75 30 30
V -108 142 30 30
V -102 206 30 30
V -35 141 30 30
V 222 26 30 30
V 228 131 30 30
V 228 205 30 30
V 224 258 30 30
V 226 326 30 30
V 102 75 30 30
V 222 69 30 30
U 10 11
U 11 5
U 5 0
U 0 10
U 11 6
U 6 7
U 7 8
U 8 9
U 0 1
U 1 2
U 2 3
U 1 4
G bf055_g5 13 14
V 523 147 30 30
V 353 173 53 30
V 254 279 30 30
V 460 414 42 51
V 514 484 30 30
V 694 357 30 30
V 374 322 30 30
V 132 202 30 30
V 142 519 50 30
V 39 346 30 30
V 633 237 30 56
V 532 250 30 30
V 586 427 30 30
U 0 1
U 1 2
U 5 0
U 5 6
U 6 8
U 2 3
U 3 4
U 4 5
U 8 7
U 8 9
U 5 10
U 10 11
U 11 12
U 12 5
G bf055_g6 7 6
V 327 252 83 32
V 300 381 30 30
V 313 128 47 53
V 471 49 89 30
V 136 252 30 30
V 551 260 30 30
V 369 399 23 92
U 0 1
U 0 5
U 0 6
U 2 0
U 4 0
U 2 3
G bf055_g7 12 13
V 45 214 30 30
V 469 214 30 30
V 543 246 30 30
V 635 277 30 30
V 543 319 30 30
V 584 424 30 30
V 381 249 30 30
V 309 280 30 30
V 497 426 30 30
V 368 341 30 30
V 149 355 30 30
V 259 343 30 30
U 0 1
U 1 6
U 6 7
U 7 11
U 11 10
U 10 0
U 10 9
U 2 4
U 4 8
U 2 3
U 1 2
U 9 7
U 4 5
G bf055_g8 10 10
V 728 302 30 30
V 731 231 30 30
V 452 170 30 30
V 560 167 30 30
V 409 118 30 30
V 900 54 30 30
V 496 273 30 30
V 528 322 30 30
V 492 406 30 30
V 653 476 30 30
U 9 0
U 0 1
U 5 9
U 1 5
U 6 1
U 6 2
U 2 3
U 2 4
U 6 8
U 6 7
G ede7d_g1 4 6
V 235 175 50 30
V 401 235 30 30
V 247 334 30 30
V 186 422 30 47
U 2 1
U 1 0
U 0 3
U 3 1
U 0 2
U 2 3
G ede7d_g2 9 10
V 296 518 30 30
V 296 405 30 30
V 424 405 30 30
V 424 531 30 30
V 341 316 30 30
V 502 351 30 30
V 431 233 30 30
V 208 240 30 30
V 208 405 30 30
U 1 2
U 2 5
U 5 6
U 1 8
U 3 2
U 6 4
U 4 1
U 4 7
U 7 8
U 1 0
G ede7d_g3 7 6
V 701 181 30 30
V 734 336 30 30
V 620 84 30 30
V 667 254 30 30
V 546 268 30 30
V 587 317 30 30
V 502 316 30 30
U 2 0
U 2 4
U 0 3
U 0 1
U 4 5
U 4 6
G ede7d_g4 12 12
V 92 57 30 30
V 63 156 30 30
V 132 157 30 30
V 218 156 30 30
V 211 340 30 30
V 135 248 30 30
V 347 31 30 30
V 272 283 30 30
V 272 217 30 30
V 344 222 30 30
V 404 227 30 30
V 404 334 30 30
U 4 11
U 11 6
U 6 3
U 3 4
U 11 10
U 10 9
U 9 8
U 8 7
U 3 2
U 2 0
U 0 1
U 2 5
G ede7d_g5 13 14
V 523 147 30 30
V 254 279 30 30
V 460 414 42 51
V 374 322 30 30
V 142 519 50 30
V 39 346 30 30
V 532 250 30 30
V 157 344 30 30
V 472 490 30 30
V 532 425 30 30
V 261 197 53 30
V 707 416 30 30
V 629 250 30 56
U 0 10
U 10 1
U 11 0
U 11 3
U 3 4
U 1 2
U 2 8
U 8 11
U 4 7
U 4 5
U 11 12
U 12 6
U 6 9
U 9 11
G ede7d_g6 7 6
V 327 252 83 32
V 300 381 30 30
V 313 128 47 53
V 415 198 89 30
V 195 247 30 30
V 446 260 30 30
V 355 400 23 92
U 0 1
U 0 5
U 0 6
U 2 0
U 4 0
U 2 3
G ede7d_g7 12 13
V 202 403 30 30
V 455 467 30 30
V 202 280 30 30
V 202 511 30 30
V 537 511 30 30
V 321 349 30 30
V 537 280 30 30
V 455 349 30 30
V 295 403 30 30
V 294 511 30 30
V 493 550 30 30
V 424 550 30 30
U 2 6
U 6 4
U 4 9
U 9 3
U 3 0
U 0 2
U 0 8
U 7 1
U 1 10
U 7 5
U 6 7
U 8 9
U 1 11
G ede7d_g8 10 10
V 621 462 30 30
V 728 302 30 30
V 731 231 30 30
V 549 355 30 30
V 452 170 30 30
V 560 167 30 30
V 459 106 30 30
V 373 462 30 30
V 552 406 30 30
V 504 408 30 30
U 0 1
U 1 2
U 7 0
U 2 7
U 3 2
U 3 4
U 4 5
U 4 6
U 3 9
U 3 8
